initial_cov_aa: 0.00123525847552202
initial_cov_xx: 0.0017714163015156714
initial_cov_yy: 0.0008428848716448556
initial_pose_a: 0.47760739704139904
initial_pose_x: 7.595500778422146
initial_pose_y: -24.804968967240917
