initial_cov_aa: 0.000734533380535183
initial_cov_xx: 0.002643996819036154
initial_cov_yy: 0.0023468049590191775
initial_pose_a: 0.14380499202443822
initial_pose_x: -2.1673163967298454
initial_pose_y: 1.8732090435474613
